"ID"	"Mass_specific_VCO2"	"Ta"	"N"	"Tb"	"Taset"	"Whole_animal_VCO2"	"ID2"
"11_25_01"	0.487902731412268	-3.07788541666667	3	8.6875	-3	13.4209868333673	"11"
"2_23_01"	0.268791909698908	-2.84346715686275	3	0.833333333333333	-3	9.40949909372332	"2"
"3_24_01"	0.700030348824656	-3.0118140625	4	1.125	-3	20.4453813350066	"3"
"4_24_01"	1.68634183244844	-2.994534375	4	3.046875	-3	56.8494629395187	"4"
"5_24_01"	1.40787102402553	-3.00350631551363	3	5.66666666666667	-3	46.0453154228001	"5"
"6_25_01"	1.07020083385097	-3.07478333333333	3	7.04166666666667	-3	31.0512547421962	"6"
"60_25_01"	1.45600806105497	-3.07980260416667	4	7.5	-3	53.455875758975	"60"
"8_23_01"	1.846110763342	-2.85427708333333	3	11.9375	-3	56.709180147393	"8"
"10_24_01"	1.32527495668996	-2.0292171875	4	6.203125	-2	37.416979417431	"10"
"11_25_01"	1.2878014521255	-2.11698333333333	3	6	-2	35.5024371380458	"11"
"12_23_01"	1.31900730007439	-1.860184375	4	7.5	-2	42.4163527268917	"12"
"2_23_01"	0.181079224879063	-1.87806458333333	3	0.5	-2	6.34245013884889	"2"
"3_24_01"	0.265892477873668	-2.04146041666667	3	0.833333333333333	-2	7.76888559530279	"3"
"4_24_01"	0.330225899495816	-2.03785	3	2.16666666666667	-2	11.1429933481502	"4"
"5_24_01"	0.839264752736868	-2.0400171875	4	4.609375	-2	27.4714529471343	"5"
"50_25_01"	0.978699803260296	-2.1199421875	4	7.703125	-2	32.5774860932936	"50"
"6_25_01"	1.21896188591816	-2.12331041666667	3	6.97916666666667	-2	35.4235068686633	"6"
"60_25_01"	0.910361454326277	-2.1121875	3	5.83333333333333	-2	33.4763046597188	"60"
"8_23_01"	1.32246282559885	-1.8671921875	4	11.15625	-2	40.6769938992528	"8"
"9_23_01"	1.26791931728208	-1.87196666666667	3	6.58333333333333	-2	38.0523080048512	"9"
"10_24_01"	0.753034406113174	-1.03602916666667	3	10.2708333333333	-1	21.3662108502056	"10"
"11_25_01"	0.814706089653021	-1.15155208333333	3	5.5	-1	22.4830206364898	"11"
"12_23_01"	1.96209805805032	-0.853103966666667	3	9.77083333333333	-1	63.1805958229415	"12"
"2_23_01"	0.0630138784945791	-0.8560498	3	1	-1	2.20930719591842	"2"
"3_24_01"	0.231727562029237	-1.04922291666667	3	0.9375	-1	6.77659600212617	"3"
"4_24_01"	0.28339168058762	-1.06025208333333	3	2.16666666666667	-1	9.57950472595116	"4"
"5_24_01"	0.388667450197682	-1.04375416666667	3	4.16666666666667	-1	12.7363439324152	"5"
"50_25_01"	0.865686954127586	-1.1035609375	4	6.96875	-1	29.6111138913701	"50"
"6_25_01"	0.683517794632901	-1.13255416666667	3	7.3125	-1	19.9058052765881	"6"
"60_25_01"	0.603818708554551	-1.12473958333333	3	6.10416666666667	-1	22.259553287867	"60"
"8_23_01"	1.56351367511222	-0.8535544875	4	10.375	-1	48.1971147760313	"8"
"9_23_01"	1.22121822489187	-0.8538544875	4	7.125	-1	36.8540376987749	"9"
"10_24_01"	0.868983727404193	-0.0200124921	3	8.04166666666667	0	24.7941922997401	"10"
"11_25_01"	0.196251699307672	-0.136170633333333	3	2.83333333333333	0	5.42995843985692	"11"
"12_23_01"	1.37089788646564	0.14865177140625	4	9.078125	0	44.2153735122714	"12"
"2_23_01"	0.0925110364069935	0.144598123333333	3	2	0	3.24707656775895	"2"
"3_24_01"	0.0619622501658446	-0.0304748325895465	3	1.33333333333333	0	1.8135287783722	"3"
"4_24_01"	0.20722955511206	-0.0438375	3	3.77083333333333	0	7.0171905170731	"4"
"5_24_01"	0.280232342623837	-0.0419833333333333	3	6	0	9.19571281841315	"5"
"50_25_01"	0.768312110666969	-0.1370482384375	4	8.40625	0	26.4813446465527	"50"
"6_25_01"	0.894488438828639	-0.1431888625	4	7.5	0	26.0999723461437	"6"
"60_25_01"	0.395950929947162	-0.1397373	3	6.97916666666667	0	14.6150159648696	"60"
"8_23_01"	1.47447990039977	0.1467627025	3	10.9583333333333	0	45.5419734905688	"8"
"9_23_01"	1.38812267120062	0.144510623958333	3	8.04166666666667	0	42.0496295806315	"9"
"10_24_01"	1.008317692679	2.0454375	3	11.9791666666667	2	29.5491436831876	"10"
"11_25_01"	0.0369397058573785	1.85396918665524	4	2.75	2	1.02841484661175	"11"
"12_23_01"	0.580006959949744	2.18419375	3	11.5416666666667	2	18.9527588826136	"12"
"2_23_01"	0.0733264982880267	2.13244117630385	3	3.5	2	2.57680682189731	"2"
"3_24_01"	0.00431060553379009	1.95468528637928	3	2.5	2	0.126391327429844	"3"
"4_24_01"	0.132391106053018	1.9591551618896	3	3.83333333333333	2	4.49355669972171	"4"
"5_24_01"	0.0988819091168591	1.969196484375	4	2.875	2	3.25520066334452	"5"
"50_25_01"	0.1517993839684	1.84953580246914	3	4.66666666666667	2	5.36219351677217	"50"
"6_25_01"	0.311071803607467	2.02422708333333	3	13.1458333333333	2	9.21085026149539	"6"
"60_25_01"	0.0820457991009877	1.84409583333333	3	6.04166666666667	2	3.03560227154826	"60"
"8_23_01"	0.940142841023886	2.1398421875	4	11.28125	2	29.1498347391872	"8"
"9_23_01"	0.522701952851897	2.18698125	3	9.04166666666667	2	16.1898958259851	"9"
"10_21_01"	0.726817922790963	4.06351082916667	3	9.66666666666667	4	21.5211035517498	"10"
"11_22_01"	0.0109697069918299	4.02671146913642	4	4.5	4	0.313516099994641	"11"
"12_17_01"	0.286975961374815	4.17249204791667	3	8.70833333333333	4	9.4772098408092	"12"
"12_20_01"	0.362187042794486	4.181244140625	4	14.5625	4	11.8051853668736	"12"
"2_17_01"	0.0225619478746665	4.19005070041118	4	5.25	4	0.768434163555772	"2"
"2_20_01"	0.0987718402548875	4.164936265625	4	7.703125	4	3.5043422160047	"2"
"3_21_01"	0.0769743291612295	4.06834207166667	3	6.5	4	2.24045151900669	"3"
"4_21_01"	0.0513106075821199	4.07512284079686	3	5	4	1.7127924182695	"4"
"5_21_01"	0.325924357390825	4.0626878546875	4	7.296875	4	10.9419731505078	"5"
"50_19_01"	0.565338353481169	4.16219163057783	3	11.8333333333333	4	19.0692548510819	"50"
"50_22_01"	0.354292548455056	4.02568987708333	3	9.16666666666667	4	12.1909879367277	"50"
"6_19_01"	0.419123547108633	4.16778839188034	3	7.66666666666667	4	12.2893995645253	"6"
"6_22_01"	0.0353995198518533	4.0376488125	4	6.984375	4	1.05905983382233	"6"
"60_19_01"	0.169225304075269	4.14794088269728	3	10.2581453634085	4	6.11443587931014	"60"
"60_22_01"	0.0372905513073137	4.03349250625	4	4.875	4	1.38047015429172	"60"
"8_17_01"	0.848823839649923	4.18065704643606	3	11.8333333333333	4	26.8352601356667	"8"
"8_20_01"	1.51811755862964	4.17065245833333	3	15.6041666666667	4	48.0801411707165	"8"
"9_17_01"	0.091020179314694	4.20023164375	3	6.60416666666667	4	2.8762579100278	"9"
"9_20_01"	0.459427202119224	4.16411124375	4	8.03125	4	14.3125710719275	"9"
"60_19_01"	0.368464771023861	5.15097110796539	3	11.0947242206235	5	13.3985856105629	"60"
"11_22_01"	0.0122349403807698	6.01402080377682	3	5.33333333333333	6	0.348101777618921	"11"
"6_22_01"	0.132677722868716	6.09080474166667	3	7.89583333333333	6	3.95524443391289	"6"
"60_22_01"	0.0504559627730259	6.02355548226219	4	5.25	6	1.86419280621546	"60"
"10_21_01"	0.469239670649475	7.00676726875	3	12.1666666666667	7	14.0130390485129	"10"
"11_19_01"	0.0823328816407484	7.1254019156746	3	9	7	2.27687348789995	"11"
"11_22_01"	0.00600446679578734	6.9701133876282	4	6.25	7	0.170711284462228	"11"
"12_17_01"	0.230784448803482	7.10045898541667	3	15.7083333333333	7	7.68437495741196	"12"
"12_20_01"	0.377991355473486	7.08076528541667	3	10.8333333333333	7	12.2776504962873	"12"
"2_17_01"	0.0241577837467839	7.10223194052354	4	8	7	0.824489788708308	"2"
"2_20_01"	0.0449722427903818	7.07367003176157	4	7.5	7	1.59237008682268	"2"
"3_21_01"	0.0526626475092529	7.01227089543505	4	9.25	7	1.53483905854478	"3"
"4_21_01"	0.00601812534645462	7.01636336258638	4	7.625	7	0.201422440098125	"4"
"5_21_01"	0.0518117261283139	7.02176406046908	3	8.5	7	1.7417091033268	"5"
"50_19_01"	0.191990556762312	7.13892581879932	3	14.0952380952381	7	6.55279845051983	"50"
"50_22_01"	0.193046397656768	6.98257348541667	3	11.7083333333333	7	6.59768868671661	"50"
"6_22_01"	0.0116762968308008	6.99711376221127	4	8.25	7	0.345674486387286	"6"
"60_19_01"	0.0703580019818033	7.11929852526311	3	10.3333333333333	7	2.57844694583613	"60"
"60_22_01"	0.0533347618012213	6.9884969730385	4	7.25	7	1.96586273886315	"60"
"8_17_01"	0.269206988884451	7.098727225	4	17.1875	7	8.60873786288325	"8"
"8_20_01"	0.554287499882329	7.08446734375	3	14.6041666666667	7	17.4807399359597	"8"
"9_17_01"	0.00325464876589513	7.11276958991182	4	8	7	0.102975438000783	"9"
"9_20_01"	0.10573335302717	7.0987069125	3	8.83333333333333	7	3.28936040612915	"9"
"10_21_01"	0.879091665582494	10.01139389375	3	16.1666666666667	10	26.3854086793507	"10"
"11_19_01"	0.0338597817652412	10.1122324780976	3	10	10	0.937303011576134	"11"
"12_17_01"	0.160265314670636	10.0829884334415	4	15.1124188311688	10	5.3943559992522	"12"
"12_20_01"	0.244157810246198	10.0091481104167	3	13.375	10	7.91718704227324	"12"
"2_17_01"	0.00679617560466367	10.0745325743201	4	10.9076797385621	10	0.232729397195036	"2"
"2_20_01"	0.00826886241629876	9.98436815443483	4	10.6105460513705	10	0.292039496189117	"2"
"3_21_01"	0.00695683060327955	10.0014849356603	4	10.5	10	0.202869971950207	"3"
"4_21_01"	0.00315587878269025	10.0096725002863	4	10.5	10	0.106145918070646	"4"
"5_21_01"	0.0996820174201806	10.0140053141504	3	12.5	10	3.37577676094474	"5"
"60_19_01"	0.13288859915191	10.1261507553606	3	13.5	10	4.8928949648079	"60"
"8_17_01"	0.464888022114658	10.085634375	4	20.859375	10	14.982010994682	"8"
"8_20_01"	0.252374688409891	9.9882552421875	4	16.4375	10	7.88837501024203	"8"
"9_17_01"	0.0523038772173957	10.067272224009	4	11.5	10	1.66137572496524	"9"
"9_20_01"	0.174197598008739	9.9931941546875	4	15.515625	10	5.36836135471775	"9"
"10_11_01"	0.0157295040918687	13.9062202380952	3	14.6666666666667	14	0.500655258812189	"10"
"10_14_01"	0.42715489430464	13.9613645833333	3	20.5	14	14.2428047764704	"10"
"11_12_01"	0.0189993574621356	13.91500375	5	14.5	14	0.513392247953399	"11"
"11_15_01"	0.0145245158693891	13.9925780208349	5	14.5	14	0.406068460605745	"11"
"12_13_01"	0.144793314765869	13.858553125	4	16.25	14	4.86115192847503	"12"
"3_13_01"	0.017542642854306	13.8502828125	4	14	14	0.488110012640567	"3"
"4_13_01"	0.0137060282821093	13.8510831248809	3	14.5	14	0.45781875741193	"4"
"5_11_01"	0.0114656252627143	13.9062476190476	3	14.8333333333333	14	0.395582922952414	"5"
"5_14_01"	0.0397944702715235	13.9777062711864	5	16.1625	14	1.39419957280998	"5"
"50_11_01"	0.0222389117424611	13.892354386414	3	14.5	14	0.781247167708404	"50"
"50_14_01"	0.374751293939946	13.9674479166667	3	21.875	14	13.3289052191671	"50"
"6_12_01"	0.0172583123641491	13.9275889583333	4	14.703125	14	0.48724371597966	"6"
"6_15_01"	0.0644755514908893	14.007545	5	16.6	14	1.88273412155242	"6"
"60_12_01"	0.0748853884943768	13.92365875	5	14.5	14	2.66060135114362	"60"
"60_15_01"	0.133375576165505	13.9937175	5	17.95	14	4.72339915337682	"60"
"8_13_01"	0.120630655746105	13.85945	3	16.0416666666667	14	3.97934656162976	"8"
"10_11_01"	0.0251547010625844	16.9224238095238	3	17.8333333333333	17	0.810998588391965	"10"
"10_14_01"	0.261003798333456	16.8078833333333	3	20.2083333333333	17	8.43636638785065	"10"
"11_12_01"	0.0231511645110099	16.856665625	4	17.5	17	0.626971836020159	"11"
"11_15_01"	0.0167399529618793	16.86818125	5	17.075	17	0.465650373529385	"11"
"12_13_01"	0.0545221778131676	16.8313666666667	3	17.5	17	1.83463754993828	"12"
"3_13_01"	0.0358510347889857	16.828671875	4	17.5	17	1.00050494738919	"3"
"4_13_01"	0.0374659891164248	16.83701875	4	17.875	17	1.25724814919596	"4"
"5_11_01"	0.0406199156772403	16.9299119047619	3	17.5595238095238	17	1.4123877510345	"5"
"5_14_01"	0.0878875956992803	16.791425	4	17.5	17	3.01839378763712	"5"
"50_11_01"	0.0521879314662936	16.9220964285714	3	17.5	17	1.85390163252397	"50"
"50_14_01"	0.070003016518212	16.80356875	4	18.375	17	2.44088280696934	"50"
"6_12_01"	0.0684172141259876	16.85560375	5	19.6	17	1.94063503796613	"6"
"6_15_01"	0.0928896219669792	16.88103125	5	18.2	17	2.67429350202556	"6"
"60_12_01"	0.0439087477624407	16.86770625	4	17.5	17	1.5642364439301	"60"
"60_15_01"	0.0302434817352731	16.868775	3	16.5	17	1.05623832321744	"60"
"8_13_01"	0.0367712629574897	16.8292671875	4	18	17	1.21694834417134	"8"
"10_11_01"	0.197726446578351	19.9123023809524	3	23.0952380952381	20	6.44550792437491	"10"
"10_14_01"	0.285701378042317	19.727603125	4	21.5	20	9.08265334734405	"10"
"11_12_01"	0.0482361723444474	19.885915625	4	20.5	20	1.31273325426744	"11"
"11_15_01"	0.0762622540335518	19.82285625	5	20	20	2.11508845505445	"11"
"12_13_01"	0.0976818114183966	19.852103125	4	21	20	3.31244351525323	"12"
"3_13_01"	0.0789980170722223	19.87288125	4	20	20	2.20952706645476	"3"
"4_13_01"	0.0768020566143422	19.9094625	3	21.1666666666667	20	2.59131375261634	"4"
"5_11_01"	0.192067879374131	19.9164630952381	3	23.4642857142857	20	6.74350152759532	"5"
"5_14_01"	0.0866685114981821	19.7379175	5	20.6	20	2.96723326366788	"5"
"50_11_01"	0.501291238666479	19.9323523809524	3	26.8571428571429	20	18.2266685790783	"50"
"50_14_01"	0.0407533580670855	19.73970625	5	20.5	20	1.41192007347242	"50"
"6_12_01"	0.071277565178739	19.89972	5	21.3	20	2.04169395012815	"6"
"6_15_01"	0.0948790675397788	19.82177	5	19.9	20	2.7034792823968	"6"
"60_12_01"	0.081273334248459	19.8835975	5	20.5	20	2.92634648565931	"60"
"60_15_01"	0.0837079595869761	19.82303125	5	19	20	2.91150581475065	"60"
"8_13_01"	0.168393725452586	19.880959375	4	23.453125	20	5.62821635236797	"8"
"12_9_03"	0.374628141182469	24.444995959596	3	26.1666666666667	24	11.4741394704355	"12"
"2_8_03"	0.414730689860122	24.4682767676768	3	26	24	11.6996921476065	"2"
"3_8_03"	0.24822770210675	24.4456686868687	3	25.5	24	6.67215439210997	"3"
"4_8_03"	0.230474976460902	24.4384525252525	3	25.5	24	6.6827562242013	"4"
"5_8_03"	0.199669484289639	24.4428727272727	3	25.2272727272727	24	5.18983241945204	"5"
"6_8_03"	0.24579244737072	24.4195696969697	3	25	24	6.24345379560629	"6"
"8_9_03"	0.280353973516585	24.4198767676768	3	25.5	24	8.37400689680518	"8"
"9_9_03"	0.276530560134202	24.450094949495	3	25.5	24	6.99915208314909	"9"
"12_9_03"	0.448199204690462	24.8077131313131	3	26.8787878787879	25	13.8222380631084	"12"
"11_9_03"	0.49011052559349	26.3873838383838	3	28.3939393939394	26	12.6296844019324	"11"
"12_9_03"	0.374048736472878	26.3988565656566	3	27.5	26	11.3001338477484	"12"
"4_8_03"	0.357977127551401	26.3488828282828	3	28	26	10.2702270631402	"4"
"5_8_03"	0.278878080021083	26.3787070707071	3	27.5	26	7.1819242442783	"5"
"8_9_03"	0.527236454375776	26.4035090909091	3	27.1666666666667	26	15.5468289187847	"8"
"8_9_03"	0.668274663366917	28.4264484848485	3	29.5	28	19.0469991557398	"8"
"50_14_01"	3.90243096579503	13.953915625	2	30	14	138.181883101819	"50"
"50_14_01"	2.29827734183843	16.84280625	1	30.5	17	80.5164409579672	"50"
"6_12_01"	2.89444841699527	16.911471875	2	30.40625	17	82.2325013749869	"6"
"10_14_01"	3.00941917270207	19.7470475	5	30.225	20	95.1802244026468	"10"
"11_9_03"	2.86535421218103	20.448096969697	1	30	20	77.9241029056233	"11"
"5_14_01"	2.64574518193591	19.74550875	6	30.8	20	90.0548149766103	"5"
"50_11_01"	1.8632829605059	19.9285619047619	3	30.8571428571429	20	67.219785203141	"50"
"60_12_01"	3.35469914845662	19.84750625	2	31.5	20	121.726442234501	"60"
"8_13_01"	2.06160178863361	19.942075	2	31.8125	20	69.7555752565143	"8"
"11_9_03"	2.64697323700194	22.5075818181818	1	30.5	23	71.8281691359349	"11"
"10_9_03"	2.02308447301673	24.4220444444444	3	30.8787878787879	24	53.3866090823589	"10"
"11_9_03"	2.03032313131676	24.374502020202	6	31.0530303030303	24	54.1981693460491	"11"
"10_9_03"	3.01276777799827	24.6051212121212	1	31.1363636363636	25	80.7834544803752	"10"
"11_9_03"	2.11633534313226	24.9220060606061	2	31.25	25	56.973942843264	"11"
"10_9_03"	2.12132929334037	26.3380451178451	9	31.7777777777778	26	54.9515022395922	"10"
"11_9_03"	1.97470298507363	26.3213593073593	7	30.6428571428571	26	51.9183454428843	"11"
"12_9_03"	1.71192559310457	26.3868393939394	2	31.9318181818182	26	51.1729360815609	"12"
"2_8_03"	1.89424649520398	26.3693585858586	6	33	26	52.1708995068132	"2"
"3_8_03"	2.62127190735653	26.3667478787879	5	33.4	26	68.9386566211297	"3"
"6_8_03"	1.96978587374989	26.3545111111111	3	32.1666666666667	26	48.9273141680247	"6"
"9_9_03"	2.21980517324728	26.384270995671	7	32.8571428571429	26	54.7917862006749	"9"
"10_9_03"	2.32784026381684	26.9202666666667	1	32	27	58.8094271667465	"10"
"11_9_03"	2.42090363729601	27.4916242424242	1	31	27	63.8202258651419	"11"
"12_9_03"	1.98031169725157	27.1580363636364	1	33	27	58.8894474031256	"12"
"2_8_03"	2.23225852502031	27.4040484848485	1	33.5	27	62.0501060067322	"2"
"3_8_03"	2.55816062829043	26.6478545454545	1	33	27	66.714067130511	"3"
"6_8_03"	2.13477880877359	27.0759939393939	1	32.5	27	52.6969154057025	"6"
"9_9_03"	1.83863182452292	26.603496969697	1	33	27	45.0356945710379	"9"
"10_9_03"	1.15431072825928	28.4293939393939	9	31.75	28	28.5906926537026	"10"
"11_9_03"	1.26855664782998	28.4380531986532	9	32.5909090909091	28	31.879053770986	"11"
"12_9_03"	1.1699467167823	28.4402154882155	10	31.959595959596	28	34.3649350313139	"12"
"2_8_03"	0.914728235489871	28.3428926406926	7	31.8766233766234	28	24.7257082521126	"2"
"3_8_03"	1.82843016180752	28.3893954545455	8	33.125	28	47.0903376853331	"3"
"4_8_03"	0.904348392350841	28.3936181818182	9	32.1875	28	25.7054002716899	"4"
"5_8_03"	0.718316543125324	28.4123515151515	10	31.5151515151515	28	18.2781452052976	"5"
"6_8_03"	0.847414623551395	28.3946008658009	8	31.2142857142857	28	20.6547262142605	"6"
"8_11_03"	0.71386114920861	27.6232181818182	1	30.5	28	21.4686735197374	"8"
"9_9_03"	1.16458489904451	28.4176975757576	10	32.1	28	28.1736464205299	"9"
"10_9_03"	1.3416740748905	29.0058909090909	2	32.75	29	33.7377562157416	"10"
"12_9_03"	1.65190771795182	28.9376606060606	2	32.8181818181818	29	48.998733320552	"12"
"2_8_03"	0.837933399570933	28.6056606060606	1	33	29	22.7626386874153	"2"
"5_10_03"	2.01804121637418	29.0325878787879	2	32.5	29	57.5773804562927	"5"
"6_8_03"	1.3340954137691	29.1191484848485	2	32.75	29	32.8520108318597	"6"
"8_11_03"	0.781483259256369	29.0308060606061	1	30.5	29	23.4509924861	"8"
"10_11_03"	1.05287418163148	30.3809090909091	3	34	30	27.7367554301852	"10"
"11_11_03"	0.988867917899572	30.4250412121212	5	33.1	30	25.5889742115655	"11"
"12_11_03"	0.932499260808662	30.4007414141414	6	33.25	30	29.0924760678494	"12"
"2_10_03"	1.13493639391027	30.2955090909091	9	34	30	32.6932224593674	"2"
"3_10_03"	0.92846530846429	30.3693163636364	10	32.5318181818182	30	22.6983414403227	"3"
"3_8_03"	2.53750994296937	29.5808787878788	1	34	30	65.9213064258008	"3"
"4_10_03"	1.10149061569051	30.3734583333333	8	33.8125	30	32.6515749575323	"4"
"5_10_03"	1.18351642402158	30.333503030303	11	33.0619834710744	30	33.1794229635616	"5"
"6_10_03"	1.08866704062735	30.3783090909091	9	33.0959595959596	30	27.0922494380812	"6"
"8_11_03"	1.17296545089365	30.4249090909091	1	32.5	30	34.349565345972	"8"
"8_9_03"	1.17492411703292	29.6248727272727	1	30	30	33.9064472302342	"8"
"9_11_03"	0.496530774861672	30.3335153158295	5	33.8	30	13.8037646261761	"9"
"9_9_03"	1.25526115640191	29.7149090909091	1	33	30	30.6266671744486	"9"
"10_11_03"	1.13203524334987	31.0276151515151	2	34.25	31	29.9725267777561	"10"
"11_11_03"	0.96341801474015	30.5724181818182	1	33	31	25.1192016307823	"11"
"12_11_03"	1.20621551180256	31.4303636363637	2	34	31	37.9261597704369	"12"
"2_10_03"	1.19509410134326	30.9900808080808	3	34.5	31	34.612570665031	"2"
"3_10_03"	0.70791710422992	30.9632333333333	4	32.1704545454545	31	17.3649687744864	"3"
"4_10_03"	1.42467543699529	31.3306712121212	4	34.125	31	42.3765434869294	"4"
"5_10_03"	1.33506005290698	31.0592242424242	4	33.375	31	37.8217551426939	"5"
"6_10_03"	0.793607176410168	30.9726848484848	3	33	31	19.9871641446439	"6"
"8_11_03"	1.01759494988101	31.0946848484848	1	32.6818181818182	31	29.7323365066528	"8"
"9_11_03"	0.478719508851621	30.8700273467433	3	33.8333333333333	31	13.3002500626009	"9"
"10_11_03"	0.675126473432845	32.4206528138528	7	34.5714285714286	32	17.4196032421299	"10"
"11_11_03"	0.813104738973393	32.2634895622896	9	34.3686868686869	32	20.7275520579272	"11"
"12_11_03"	0.74996213980598	32.3623809523809	7	34.4285714285714	32	23.0437022112133	"12"
"2_10_03"	0.97073274310959	32.2806727272727	8	34.6875	32	27.461187872964	"2"
"3_10_03"	0.834112375380632	32.2816333333333	8	33.8125	32	20.144477834291	"3"
"4_10_03"	0.757178143073163	32.3718909090909	6	34.5	32	22.0334180276735	"4"
"5_10_03"	0.778957497406215	32.3657503030303	5	34.0636363636364	32	21.365527244148	"5"
"6_10_03"	0.796015849788298	32.3536196969697	8	33.9829545454545	32	19.4441044586532	"6"
"8_11_03"	0.757971219164096	32.2879922077922	7	32.8571428571429	32	21.9130839169453	"8"
"9_11_03"	0.617298800696675	32.4058050493755	6	34.0833333333333	32	17.0060975162653	"9"
"10_11_03"	0.616177050851588	33.3242666666667	1	35	33	15.6483745069902	"10"
"11_11_03"	0.734379240483871	33.2389515151515	3	34.5	33	18.6846535195148	"11"
"12_11_03"	0.742640328615716	33.079893939394	2	34.5	33	22.9467420860243	"12"
"2_10_03"	0.813408740943669	32.6542393939394	2	34.5	33	23.1075130021429	"2"
"3_10_03"	0.985452287138852	32.8930545454545	2	34.5	33	23.7649930606878	"3"
"4_10_03"	0.79381235065706	33.1434969696969	2	34.75	33	23.1458286685273	"4"
"5_10_03"	0.883265583501907	33.3982393939394	2	34.75	33	24.1783399041634	"5"
"6_10_03"	0.764838626567449	33.1498515151516	2	34.25	33	18.8046535393103	"6"
"8_11_03"	0.893383894812953	33.0011333333334	2	33.3409090909091	33	25.7649958829612	"8"
"9_11_03"	0.556471219917286	32.7251141552512	3	34.5	33	15.3150025667495	"9"
"10_11_03"	0.750770689263322	33.9421818181818	2	35	34	19.3357831838419	"10"
"11_11_03"	0.749782304306558	33.8563757575758	3	35.1666666666667	34	18.7940933518993	"11"
"12_11_03"	0.743037732369891	33.8113727272728	2	35	34	22.5806685328112	"12"
"2_10_03"	0.888991521168456	33.8733636363636	2	35.5	34	25.0330557287513	"2"
"3_10_03"	0.810227155690275	33.9934151515152	2	34.75	34	19.4936264988757	"3"
"4_10_03"	0.7713908339579	33.633703030303	1	35	34	22.5869406190456	"4"
"6_10_03"	0.754699919208329	33.7425878787879	1	35	34	18.273267647318	"6"
"8_11_03"	0.776121341251447	33.9157606060606	2	33.75	34	22.3024042332373	"8"
"9_11_03"	0.593650674848997	33.9954680365297	3	34.6963470319635	34	16.3261567213001	"9"
"10_11_03"	0.68695442343068	34.8043313131313	9	35.9444444444444	35	17.2187778413092	"10"
"11_11_03"	0.772630540748012	34.8654067340067	10	36.1818181818182	35	19.1240162869003	"11"
"12_11_03"	0.741330438162404	34.8409915151515	11	35.9636363636364	35	22.2944366063943	"12"
"2_10_03"	0.876665390102046	35.0955863636364	5	36.5	35	24.3841043065171	"2"
"3_10_03"	0.929031385516385	34.9514151515151	5	35.9204545454545	35	22.1242071237792	"3"
"4_10_03"	0.845935222235914	34.9486656565657	7	36.25	35	24.3358122953209	"4"
"5_10_03"	0.830321013688647	34.9473333333333	7	35.9166666666667	35	22.4099756868248	"5"
"6_10_03"	0.828181261396367	34.8399563636363	6	35.9	35	19.9166609540384	"6"
"8_11_03"	0.772493089465634	34.770298989899	9	34.7575757575758	35	21.6250146987691	"8"
"9_11_03"	0.736954262190081	34.8423632990868	9	35.875	35	20.1262761464782	"9"
